                                   circuit rc
                                   Transient Analysis  Mon Dec 11 22:14:33  2017
--------------------------------------------------------------------------------
Index   time            v(2)            
--------------------------------------------------------------------------------
0	0.000000e+00	0.000000e+00	
1	1.000000e-08	9.998999e-05	
2	2.000000e-08	1.999700e-04	
3	4.000000e-08	3.999099e-04	
4	8.000000e-08	7.996698e-04	
5	1.600000e-07	1.598709e-03	
6	3.200000e-07	3.194871e-03	
7	6.400000e-07	6.379536e-03	
8	1.000000e-06	9.950114e-03	
9	1.064000e-06	1.058333e-02	
10	1.192000e-06	1.184896e-02	
11	1.448000e-06	1.437536e-02	
12	1.960000e-06	1.940879e-02	
13	2.960000e-06	2.916567e-02	
14	3.960000e-06	3.882538e-02	
15	4.960000e-06	4.838887e-02	
16	5.960000e-06	5.785711e-02	
17	6.960000e-06	6.723104e-02	
18	7.960000e-06	7.651161e-02	
19	8.960000e-06	8.569974e-02	
20	9.960000e-06	9.479636e-02	
21	1.096000e-05	1.038024e-01	
22	1.196000e-05	1.127187e-01	
23	1.296000e-05	1.215462e-01	
24	1.396000e-05	1.302858e-01	
25	1.496000e-05	1.389383e-01	
26	1.596000e-05	1.475047e-01	
27	1.696000e-05	1.559857e-01	
28	1.796000e-05	1.643822e-01	
29	1.896000e-05	1.726952e-01	
30	1.996000e-05	1.809253e-01	
31	2.096000e-05	1.890735e-01	
32	2.196000e-05	1.971405e-01	
33	2.296000e-05	2.051271e-01	
34	2.396000e-05	2.130342e-01	
35	2.496000e-05	2.208626e-01	
36	2.596000e-05	2.286129e-01	
37	2.696000e-05	2.362861e-01	
38	2.796000e-05	2.438829e-01	
39	2.896000e-05	2.514040e-01	
40	2.996000e-05	2.588501e-01	
41	3.096000e-05	2.662221e-01	
42	3.196000e-05	2.735207e-01	
43	3.296000e-05	2.807466e-01	
44	3.396000e-05	2.879005e-01	
45	3.496000e-05	2.949832e-01	
46	3.596000e-05	3.019953e-01	
47	3.696000e-05	3.089376e-01	
48	3.796000e-05	3.158108e-01	
49	3.896000e-05	3.226154e-01	
50	3.996000e-05	3.293523e-01	
51	4.096000e-05	3.360221e-01	
52	4.196000e-05	3.426255e-01	
53	4.296000e-05	3.491631e-01	
54	4.396000e-05	3.556356e-01	

Index   time            v(2)            
--------------------------------------------------------------------------------
55	4.496000e-05	3.620436e-01	
56	4.596000e-05	3.683878e-01	
57	4.696000e-05	3.746688e-01	
58	4.796000e-05	3.808872e-01	
59	4.896000e-05	3.870437e-01	
60	4.996000e-05	3.931389e-01	
61	5.096000e-05	3.991734e-01	
62	5.196000e-05	4.051478e-01	
63	5.296000e-05	4.110626e-01	
64	5.396000e-05	4.169186e-01	
65	5.496000e-05	4.227162e-01	
66	5.596000e-05	4.284561e-01	
67	5.696000e-05	4.341388e-01	
68	5.796000e-05	4.397649e-01	
69	5.896000e-05	4.453350e-01	
70	5.996000e-05	4.508496e-01	
71	6.096000e-05	4.563093e-01	
72	6.196000e-05	4.617146e-01	
73	6.296000e-05	4.670660e-01	
74	6.396000e-05	4.723642e-01	
75	6.496000e-05	4.776095e-01	
76	6.596000e-05	4.828027e-01	
77	6.696000e-05	4.879441e-01	
78	6.796000e-05	4.930343e-01	
79	6.896000e-05	4.980738e-01	
80	6.996000e-05	5.030631e-01	
81	7.096000e-05	5.080027e-01	
82	7.196000e-05	5.128931e-01	
83	7.296000e-05	5.177349e-01	
84	7.396000e-05	5.225283e-01	
85	7.496000e-05	5.272741e-01	
86	7.596000e-05	5.319725e-01	
87	7.696000e-05	5.366242e-01	
88	7.796000e-05	5.412296e-01	
89	7.896000e-05	5.457890e-01	
90	7.996000e-05	5.503031e-01	
91	8.096000e-05	5.547722e-01	
92	8.196000e-05	5.591968e-01	
93	8.296000e-05	5.635773e-01	
94	8.396000e-05	5.679142e-01	
95	8.496000e-05	5.722079e-01	
96	8.596000e-05	5.764588e-01	
97	8.696000e-05	5.806674e-01	
98	8.796000e-05	5.848340e-01	
99	8.896000e-05	5.889592e-01	
100	8.996000e-05	5.930433e-01	
101	9.096000e-05	5.970867e-01	
102	9.196000e-05	6.010898e-01	
103	9.296000e-05	6.050531e-01	
104	9.396000e-05	6.089768e-01	
105	9.496000e-05	6.128615e-01	
106	9.596000e-05	6.167075e-01	
107	9.696000e-05	6.205152e-01	
108	9.796000e-05	6.242850e-01	
109	9.896000e-05	6.280172e-01	
110	9.996000e-05	6.317123e-01	
111	1.009600e-04	6.353706e-01	
112	1.019600e-04	6.389924e-01	

Index   time            v(2)            
--------------------------------------------------------------------------------
113	1.029600e-04	6.425781e-01	
114	1.039600e-04	6.461281e-01	
115	1.049600e-04	6.496428e-01	
116	1.059600e-04	6.531225e-01	
117	1.069600e-04	6.565675e-01	
118	1.079600e-04	6.599781e-01	
119	1.089600e-04	6.633549e-01	
120	1.099600e-04	6.666980e-01	
121	1.109600e-04	6.700077e-01	
122	1.119600e-04	6.732846e-01	
123	1.129600e-04	6.765287e-01	
124	1.139600e-04	6.797406e-01	
125	1.149600e-04	6.829205e-01	
126	1.159600e-04	6.860687e-01	
127	1.169600e-04	6.891856e-01	
128	1.179600e-04	6.922714e-01	
129	1.189600e-04	6.953264e-01	
130	1.199600e-04	6.983511e-01	
131	1.209600e-04	7.013456e-01	
132	1.219600e-04	7.043103e-01	
133	1.229600e-04	7.072455e-01	
134	1.239600e-04	7.101514e-01	
135	1.249600e-04	7.130284e-01	
136	1.259600e-04	7.158767e-01	
137	1.269600e-04	7.186967e-01	
138	1.279600e-04	7.214885e-01	
139	1.289600e-04	7.242526e-01	
140	1.299600e-04	7.269891e-01	
141	1.309600e-04	7.296984e-01	
142	1.319600e-04	7.323807e-01	
143	1.329600e-04	7.350363e-01	
144	1.339600e-04	7.376654e-01	
145	1.349600e-04	7.402684e-01	
146	1.359600e-04	7.428454e-01	
147	1.369600e-04	7.453967e-01	
148	1.379600e-04	7.479227e-01	
149	1.389600e-04	7.504234e-01	
150	1.399600e-04	7.528993e-01	
151	1.409600e-04	7.553505e-01	
152	1.419600e-04	7.577773e-01	
153	1.429600e-04	7.601799e-01	
154	1.439600e-04	7.625586e-01	
155	1.449600e-04	7.649136e-01	
156	1.459600e-04	7.672452e-01	
157	1.469600e-04	7.695535e-01	
158	1.479600e-04	7.718388e-01	
159	1.489600e-04	7.741014e-01	
160	1.499600e-04	7.763414e-01	
161	1.509600e-04	7.785592e-01	
162	1.519600e-04	7.807548e-01	
163	1.529600e-04	7.829286e-01	
164	1.539600e-04	7.850807e-01	
165	1.549600e-04	7.872113e-01	
166	1.559600e-04	7.893208e-01	
167	1.569600e-04	7.914092e-01	
168	1.579600e-04	7.934769e-01	
169	1.589600e-04	7.955239e-01	
170	1.599600e-04	7.975506e-01	

Index   time            v(2)            
--------------------------------------------------------------------------------
171	1.609600e-04	7.995571e-01	
172	1.619600e-04	8.015436e-01	
173	1.629600e-04	8.035103e-01	
174	1.639600e-04	8.054574e-01	
175	1.649600e-04	8.073851e-01	
176	1.659600e-04	8.092936e-01	
177	1.669600e-04	8.111832e-01	
178	1.679600e-04	8.130538e-01	
179	1.689600e-04	8.149059e-01	
180	1.699600e-04	8.167395e-01	
181	1.709600e-04	8.185549e-01	
182	1.719600e-04	8.203521e-01	
183	1.729600e-04	8.221315e-01	
184	1.739600e-04	8.238932e-01	
185	1.749600e-04	8.256373e-01	
186	1.759600e-04	8.273640e-01	
187	1.769600e-04	8.290735e-01	
188	1.779600e-04	8.307660e-01	
189	1.789600e-04	8.324417e-01	
190	1.799600e-04	8.341006e-01	
191	1.809600e-04	8.357431e-01	
192	1.819600e-04	8.373691e-01	
193	1.829600e-04	8.389790e-01	
194	1.839600e-04	8.405729e-01	
195	1.849600e-04	8.421508e-01	
196	1.859600e-04	8.437131e-01	
197	1.869600e-04	8.452598e-01	
198	1.879600e-04	8.467910e-01	
199	1.889600e-04	8.483071e-01	
200	1.899600e-04	8.498080e-01	
201	1.909600e-04	8.512940e-01	
202	1.919600e-04	8.527652e-01	
203	1.929600e-04	8.542217e-01	
204	1.939600e-04	8.556637e-01	
205	1.949600e-04	8.570914e-01	
206	1.959600e-04	8.585048e-01	
207	1.969600e-04	8.599042e-01	
208	1.979600e-04	8.612896e-01	
209	1.989600e-04	8.626613e-01	
210	1.999600e-04	8.640192e-01	
211	2.009600e-04	8.653637e-01	
212	2.019600e-04	8.666947e-01	
213	2.029600e-04	8.680125e-01	
214	2.039600e-04	8.693172e-01	
215	2.049600e-04	8.706088e-01	
216	2.059600e-04	8.718876e-01	
217	2.069600e-04	8.731537e-01	
218	2.079600e-04	8.744072e-01	
219	2.089600e-04	8.756481e-01	
220	2.099600e-04	8.768767e-01	
221	2.109600e-04	8.780931e-01	
222	2.119600e-04	8.792974e-01	
223	2.129600e-04	8.804896e-01	
224	2.139600e-04	8.816700e-01	
225	2.149600e-04	8.828387e-01	
226	2.159600e-04	8.839957e-01	
227	2.169600e-04	8.851411e-01	
228	2.179600e-04	8.862752e-01	

Index   time            v(2)            
--------------------------------------------------------------------------------
229	2.189600e-04	8.873980e-01	
230	2.199600e-04	8.885095e-01	
231	2.209600e-04	8.896101e-01	
232	2.219600e-04	8.906996e-01	
233	2.229600e-04	8.917783e-01	
234	2.239600e-04	8.928463e-01	
235	2.249600e-04	8.939036e-01	
236	2.259600e-04	8.949504e-01	
237	2.269600e-04	8.959867e-01	
238	2.279600e-04	8.970128e-01	
239	2.289600e-04	8.980286e-01	
240	2.299600e-04	8.990343e-01	
241	2.309600e-04	9.000300e-01	
242	2.319600e-04	9.010157e-01	
243	2.329600e-04	9.019917e-01	
244	2.339600e-04	9.029579e-01	
245	2.349600e-04	9.039145e-01	
246	2.359600e-04	9.048616e-01	
247	2.369600e-04	9.057992e-01	
248	2.379600e-04	9.067275e-01	
249	2.389600e-04	9.076466e-01	
250	2.399600e-04	9.085565e-01	
251	2.409600e-04	9.094573e-01	
252	2.419600e-04	9.103492e-01	
253	2.429600e-04	9.112322e-01	
254	2.439600e-04	9.121064e-01	
255	2.449600e-04	9.129719e-01	
256	2.459600e-04	9.138287e-01	
257	2.469600e-04	9.146771e-01	
258	2.479600e-04	9.155169e-01	
259	2.489600e-04	9.163484e-01	
260	2.499600e-04	9.171717e-01	
261	2.509600e-04	9.179867e-01	
262	2.519600e-04	9.187936e-01	
263	2.529600e-04	9.195925e-01	
264	2.539600e-04	9.203834e-01	
265	2.549600e-04	9.211665e-01	
266	2.559600e-04	9.219417e-01	
267	2.569600e-04	9.227092e-01	
268	2.579600e-04	9.234691e-01	
269	2.589600e-04	9.242214e-01	
270	2.599600e-04	9.249662e-01	
271	2.609600e-04	9.257036e-01	
272	2.619600e-04	9.264337e-01	
273	2.629600e-04	9.271565e-01	
274	2.639600e-04	9.278720e-01	
275	2.649600e-04	9.285805e-01	
276	2.659600e-04	9.292819e-01	
277	2.669600e-04	9.299763e-01	
278	2.679600e-04	9.306638e-01	
279	2.689600e-04	9.313445e-01	
280	2.699600e-04	9.320183e-01	
281	2.709600e-04	9.326855e-01	
282	2.719600e-04	9.333460e-01	
283	2.729600e-04	9.339999e-01	
284	2.739600e-04	9.346473e-01	
285	2.749600e-04	9.352883e-01	
286	2.759600e-04	9.359229e-01	

Index   time            v(2)            
--------------------------------------------------------------------------------
287	2.769600e-04	9.365512e-01	
288	2.779600e-04	9.371732e-01	
289	2.789600e-04	9.377890e-01	
290	2.799600e-04	9.383987e-01	
291	2.809600e-04	9.390023e-01	
292	2.819600e-04	9.395999e-01	
293	2.829600e-04	9.401915e-01	
294	2.839600e-04	9.407773e-01	
295	2.849600e-04	9.413572e-01	
296	2.859600e-04	9.419313e-01	
297	2.869600e-04	9.424998e-01	
298	2.879600e-04	9.430625e-01	
299	2.889600e-04	9.436197e-01	
300	2.899600e-04	9.441713e-01	
301	2.909600e-04	9.447174e-01	
302	2.919600e-04	9.452581e-01	
303	2.929600e-04	9.457934e-01	
304	2.939600e-04	9.463233e-01	
305	2.949600e-04	9.468480e-01	
306	2.959600e-04	9.473674e-01	
307	2.969600e-04	9.478817e-01	
308	2.979600e-04	9.483909e-01	
309	2.989600e-04	9.488950e-01	
310	2.999600e-04	9.493940e-01	
311	3.009600e-04	9.498881e-01	
312	3.019600e-04	9.503773e-01	
313	3.029600e-04	9.508616e-01	
314	3.039600e-04	9.513411e-01	
315	3.049600e-04	9.518158e-01	
316	3.059600e-04	9.522857e-01	
317	3.069600e-04	9.527510e-01	
318	3.079600e-04	9.532117e-01	
319	3.089600e-04	9.536678e-01	
320	3.099600e-04	9.541193e-01	
321	3.109600e-04	9.545663e-01	
322	3.119600e-04	9.550089e-01	
323	3.129600e-04	9.554470e-01	
324	3.139600e-04	9.558809e-01	
325	3.149600e-04	9.563103e-01	
326	3.159600e-04	9.567355e-01	
327	3.169600e-04	9.571565e-01	
328	3.179600e-04	9.575733e-01	
329	3.189600e-04	9.579859e-01	
330	3.199600e-04	9.583944e-01	
331	3.209600e-04	9.587989e-01	
332	3.219600e-04	9.591993e-01	
333	3.229600e-04	9.595957e-01	
334	3.239600e-04	9.599882e-01	
335	3.249600e-04	9.603768e-01	
336	3.259600e-04	9.607615e-01	
337	3.269600e-04	9.611424e-01	
338	3.279600e-04	9.615194e-01	
339	3.289600e-04	9.618928e-01	
340	3.299600e-04	9.622624e-01	
341	3.309600e-04	9.626283e-01	
342	3.319600e-04	9.629906e-01	
343	3.329600e-04	9.633492e-01	
344	3.339600e-04	9.637043e-01	

Index   time            v(2)            
--------------------------------------------------------------------------------
345	3.349600e-04	9.640559e-01	
346	3.359600e-04	9.644039e-01	
347	3.369600e-04	9.647485e-01	
348	3.379600e-04	9.650897e-01	
349	3.389600e-04	9.654275e-01	
350	3.399600e-04	9.657619e-01	
351	3.409600e-04	9.660929e-01	
352	3.419600e-04	9.664207e-01	
353	3.429600e-04	9.667452e-01	
354	3.439600e-04	9.670665e-01	
355	3.449600e-04	9.673845e-01	
356	3.459600e-04	9.676994e-01	
357	3.469600e-04	9.680112e-01	
358	3.479600e-04	9.683199e-01	
359	3.489600e-04	9.686255e-01	
360	3.499600e-04	9.689280e-01	
361	3.509600e-04	9.692275e-01	
362	3.519600e-04	9.695241e-01	
363	3.529600e-04	9.698177e-01	
364	3.539600e-04	9.701084e-01	
365	3.549600e-04	9.703961e-01	
366	3.559600e-04	9.706810e-01	
367	3.569600e-04	9.709631e-01	
368	3.579600e-04	9.712424e-01	
369	3.589600e-04	9.715189e-01	
370	3.599600e-04	9.717926e-01	
371	3.609600e-04	9.720636e-01	
372	3.619600e-04	9.723319e-01	
373	3.629600e-04	9.725975e-01	
374	3.639600e-04	9.728605e-01	
375	3.649600e-04	9.731209e-01	
376	3.659600e-04	9.733786e-01	
377	3.669600e-04	9.736338e-01	
378	3.679600e-04	9.738865e-01	
379	3.689600e-04	9.741366e-01	
380	3.699600e-04	9.743843e-01	
381	3.709600e-04	9.746295e-01	
382	3.719600e-04	9.748722e-01	
383	3.729600e-04	9.751125e-01	
384	3.739600e-04	9.753505e-01	
385	3.749600e-04	9.755860e-01	
386	3.759600e-04	9.758193e-01	
387	3.769600e-04	9.760501e-01	
388	3.779600e-04	9.762787e-01	
389	3.789600e-04	9.765051e-01	
390	3.799600e-04	9.767291e-01	
391	3.809600e-04	9.769510e-01	
392	3.819600e-04	9.771706e-01	
393	3.829600e-04	9.773880e-01	
394	3.839600e-04	9.776033e-01	
395	3.849600e-04	9.778164e-01	
396	3.859600e-04	9.780274e-01	
397	3.869600e-04	9.782363e-01	
398	3.879600e-04	9.784431e-01	
399	3.889600e-04	9.786479e-01	
400	3.899600e-04	9.788506e-01	
401	3.909600e-04	9.790513e-01	
402	3.919600e-04	9.792500e-01	

Index   time            v(2)            
--------------------------------------------------------------------------------
403	3.929600e-04	9.794467e-01	
404	3.939600e-04	9.796415e-01	
405	3.949600e-04	9.798343e-01	
406	3.959600e-04	9.800252e-01	
407	3.969600e-04	9.802142e-01	
408	3.979600e-04	9.804013e-01	
409	3.989600e-04	9.805866e-01	
410	3.999600e-04	9.807700e-01	
411	4.009600e-04	9.809516e-01	
412	4.019600e-04	9.811314e-01	
413	4.029600e-04	9.813093e-01	
414	4.039600e-04	9.814856e-01	
415	4.049600e-04	9.816600e-01	
416	4.059600e-04	9.818327e-01	
417	4.069600e-04	9.820037e-01	
418	4.079600e-04	9.821730e-01	
419	4.089600e-04	9.823406e-01	
420	4.099600e-04	9.825066e-01	
421	4.109600e-04	9.826709e-01	
422	4.119600e-04	9.828335e-01	
423	4.129600e-04	9.829945e-01	
424	4.139600e-04	9.831540e-01	
425	4.149600e-04	9.833118e-01	
426	4.159600e-04	9.834681e-01	
427	4.169600e-04	9.836228e-01	
428	4.179600e-04	9.837760e-01	
429	4.189600e-04	9.839276e-01	
430	4.199600e-04	9.840777e-01	
431	4.209600e-04	9.842264e-01	
432	4.219600e-04	9.843735e-01	
433	4.229600e-04	9.845192e-01	
434	4.239600e-04	9.846635e-01	
435	4.249600e-04	9.848063e-01	
436	4.259600e-04	9.849476e-01	
437	4.269600e-04	9.850876e-01	
438	4.279600e-04	9.852262e-01	
439	4.289600e-04	9.853634e-01	
440	4.299600e-04	9.854992e-01	
441	4.309600e-04	9.856337e-01	
442	4.319600e-04	9.857669e-01	
443	4.329600e-04	9.858987e-01	
444	4.339600e-04	9.860292e-01	
445	4.349600e-04	9.861584e-01	
446	4.359600e-04	9.862863e-01	
447	4.369600e-04	9.864129e-01	
448	4.379600e-04	9.865383e-01	
449	4.389600e-04	9.866624e-01	
450	4.399600e-04	9.867853e-01	
451	4.409600e-04	9.869070e-01	
452	4.419600e-04	9.870275e-01	
453	4.429600e-04	9.871467e-01	
454	4.439600e-04	9.872648e-01	
455	4.449600e-04	9.873817e-01	
456	4.459600e-04	9.874974e-01	
457	4.469600e-04	9.876120e-01	
458	4.479600e-04	9.877254e-01	
459	4.489600e-04	9.878377e-01	
460	4.499600e-04	9.879489e-01	

Index   time            v(2)            
--------------------------------------------------------------------------------
461	4.509600e-04	9.880590e-01	
462	4.519600e-04	9.881680e-01	
463	4.529600e-04	9.882759e-01	
464	4.539600e-04	9.883827e-01	
465	4.549600e-04	9.884885e-01	
466	4.559600e-04	9.885932e-01	
467	4.569600e-04	9.886968e-01	
468	4.579600e-04	9.887995e-01	
469	4.589600e-04	9.889011e-01	
470	4.599600e-04	9.890017e-01	
471	4.609600e-04	9.891013e-01	
472	4.619600e-04	9.891999e-01	
473	4.629600e-04	9.892975e-01	
474	4.639600e-04	9.893941e-01	
475	4.649600e-04	9.894898e-01	
476	4.659600e-04	9.895846e-01	
477	4.669600e-04	9.896783e-01	
478	4.679600e-04	9.897712e-01	
479	4.689600e-04	9.898631e-01	
480	4.699600e-04	9.899541e-01	
481	4.709600e-04	9.900443e-01	
482	4.719600e-04	9.901335e-01	
483	4.729600e-04	9.902218e-01	
484	4.739600e-04	9.903092e-01	
485	4.749600e-04	9.903958e-01	
486	4.759600e-04	9.904815e-01	
487	4.769600e-04	9.905664e-01	
488	4.779600e-04	9.906504e-01	
489	4.789600e-04	9.907335e-01	
490	4.799600e-04	9.908159e-01	
491	4.809600e-04	9.908974e-01	
492	4.819600e-04	9.909781e-01	
493	4.829600e-04	9.910580e-01	
494	4.839600e-04	9.911372e-01	
495	4.849600e-04	9.912155e-01	
496	4.859600e-04	9.912930e-01	
497	4.869600e-04	9.913698e-01	
498	4.879600e-04	9.914458e-01	
499	4.889600e-04	9.915211e-01	
500	4.899600e-04	9.915956e-01	
501	4.909600e-04	9.916693e-01	
502	4.919600e-04	9.917423e-01	
503	4.929600e-04	9.918146e-01	
504	4.939600e-04	9.918862e-01	
505	4.949600e-04	9.919571e-01	
506	4.959600e-04	9.920272e-01	
507	4.969600e-04	9.920967e-01	
508	4.979600e-04	9.921655e-01	
509	4.989600e-04	9.922335e-01	
510	4.999600e-04	9.923010e-01	
511	5.009600e-04	9.923677e-01	
512	5.019600e-04	9.924338e-01	
513	5.029600e-04	9.924992e-01	
514	5.039600e-04	9.925639e-01	
515	5.049600e-04	9.926280e-01	
516	5.059600e-04	9.926915e-01	
517	5.069600e-04	9.927544e-01	
518	5.079600e-04	9.928166e-01	

Index   time            v(2)            
--------------------------------------------------------------------------------
519	5.089600e-04	9.928782e-01	
520	5.099600e-04	9.929392e-01	
521	5.109600e-04	9.929995e-01	
522	5.119600e-04	9.930593e-01	
523	5.129600e-04	9.931185e-01	
524	5.139600e-04	9.931771e-01	
525	5.149600e-04	9.932351e-01	
526	5.159600e-04	9.932925e-01	
527	5.169600e-04	9.933494e-01	
528	5.179600e-04	9.934057e-01	
529	5.189600e-04	9.934614e-01	
530	5.199600e-04	9.935166e-01	
531	5.209600e-04	9.935712e-01	
532	5.219600e-04	9.936253e-01	
533	5.229600e-04	9.936788e-01	
534	5.239600e-04	9.937318e-01	
535	5.249600e-04	9.937843e-01	
536	5.259600e-04	9.938363e-01	
537	5.269600e-04	9.938877e-01	
538	5.279600e-04	9.939386e-01	
539	5.289600e-04	9.939891e-01	
540	5.299600e-04	9.940390e-01	
541	5.309600e-04	9.940884e-01	
542	5.319600e-04	9.941373e-01	
543	5.329600e-04	9.941858e-01	
544	5.339600e-04	9.942337e-01	
545	5.349600e-04	9.942812e-01	
546	5.359600e-04	9.943282e-01	
547	5.369600e-04	9.943748e-01	
548	5.379600e-04	9.944208e-01	
549	5.389600e-04	9.944665e-01	
550	5.399600e-04	9.945116e-01	
551	5.409600e-04	9.945563e-01	
552	5.419600e-04	9.946006e-01	
553	5.429600e-04	9.946444e-01	
554	5.439600e-04	9.946878e-01	
555	5.449600e-04	9.947308e-01	
556	5.459600e-04	9.947733e-01	
557	5.469600e-04	9.948154e-01	
558	5.479600e-04	9.948571e-01	
559	5.489600e-04	9.948984e-01	
560	5.499600e-04	9.949393e-01	
561	5.509600e-04	9.949797e-01	
562	5.519600e-04	9.950198e-01	
563	5.529600e-04	9.950594e-01	
564	5.539600e-04	9.950987e-01	
565	5.549600e-04	9.951376e-01	
566	5.559600e-04	9.951760e-01	
567	5.569600e-04	9.952141e-01	
568	5.579600e-04	9.952518e-01	
569	5.589600e-04	9.952892e-01	
570	5.599600e-04	9.953262e-01	
571	5.609600e-04	9.953628e-01	
572	5.619600e-04	9.953990e-01	
573	5.629600e-04	9.954349e-01	
574	5.639600e-04	9.954704e-01	
575	5.649600e-04	9.955056e-01	
576	5.659600e-04	9.955404e-01	

Index   time            v(2)            
--------------------------------------------------------------------------------
577	5.669600e-04	9.955748e-01	
578	5.679600e-04	9.956090e-01	
579	5.689600e-04	9.956428e-01	
580	5.699600e-04	9.956762e-01	
581	5.709600e-04	9.957093e-01	
582	5.719600e-04	9.957421e-01	
583	5.729600e-04	9.957746e-01	
584	5.739600e-04	9.958067e-01	
585	5.749600e-04	9.958385e-01	
586	5.759600e-04	9.958700e-01	
587	5.769600e-04	9.959012e-01	
588	5.779600e-04	9.959321e-01	
589	5.789600e-04	9.959626e-01	
590	5.799600e-04	9.959929e-01	
591	5.809600e-04	9.960229e-01	
592	5.819600e-04	9.960525e-01	
593	5.829600e-04	9.960819e-01	
594	5.839600e-04	9.961110e-01	
595	5.849600e-04	9.961398e-01	
596	5.859600e-04	9.961683e-01	
597	5.869600e-04	9.961965e-01	
598	5.879600e-04	9.962244e-01	
599	5.889600e-04	9.962521e-01	
600	5.899600e-04	9.962794e-01	
601	5.909600e-04	9.963065e-01	
602	5.919600e-04	9.963334e-01	
603	5.929600e-04	9.963599e-01	
604	5.939600e-04	9.963863e-01	
605	5.949600e-04	9.964123e-01	
606	5.959600e-04	9.964381e-01	
607	5.969600e-04	9.964636e-01	
608	5.979600e-04	9.964889e-01	
609	5.989600e-04	9.965139e-01	
610	5.999600e-04	9.965387e-01	
611	6.009600e-04	9.965632e-01	
612	6.019600e-04	9.965875e-01	
613	6.029600e-04	9.966115e-01	
614	6.039600e-04	9.966353e-01	
615	6.049600e-04	9.966589e-01	
616	6.059600e-04	9.966822e-01	
617	6.069600e-04	9.967053e-01	
618	6.079600e-04	9.967282e-01	
619	6.089600e-04	9.967508e-01	
620	6.099600e-04	9.967732e-01	
621	6.109600e-04	9.967954e-01	
622	6.119600e-04	9.968174e-01	
623	6.129600e-04	9.968391e-01	
624	6.139600e-04	9.968607e-01	
625	6.149600e-04	9.968820e-01	
626	6.159600e-04	9.969031e-01	
627	6.169600e-04	9.969240e-01	
628	6.179600e-04	9.969447e-01	
629	6.189600e-04	9.969651e-01	
630	6.199600e-04	9.969854e-01	
631	6.209600e-04	9.970055e-01	
632	6.219600e-04	9.970254e-01	
633	6.229600e-04	9.970451e-01	
634	6.239600e-04	9.970645e-01	

Index   time            v(2)            
--------------------------------------------------------------------------------
635	6.249600e-04	9.970838e-01	
636	6.259600e-04	9.971029e-01	
637	6.269600e-04	9.971218e-01	
638	6.279600e-04	9.971405e-01	
639	6.289600e-04	9.971591e-01	
640	6.299600e-04	9.971774e-01	
641	6.309600e-04	9.971956e-01	
642	6.319600e-04	9.972136e-01	
643	6.329600e-04	9.972314e-01	
644	6.339600e-04	9.972490e-01	
645	6.349600e-04	9.972664e-01	
646	6.359600e-04	9.972837e-01	
647	6.369600e-04	9.973008e-01	
648	6.379600e-04	9.973178e-01	
649	6.389600e-04	9.973345e-01	
650	6.399600e-04	9.973511e-01	
651	6.409600e-04	9.973676e-01	
652	6.419600e-04	9.973838e-01	
653	6.429600e-04	9.973999e-01	
654	6.439600e-04	9.974159e-01	
655	6.449600e-04	9.974317e-01	
656	6.459600e-04	9.974473e-01	
657	6.469600e-04	9.974628e-01	
658	6.479600e-04	9.974781e-01	
659	6.489600e-04	9.974933e-01	
660	6.499600e-04	9.975083e-01	
661	6.509600e-04	9.975231e-01	
662	6.519600e-04	9.975379e-01	
663	6.529600e-04	9.975524e-01	
664	6.539600e-04	9.975669e-01	
665	6.549600e-04	9.975811e-01	
666	6.559600e-04	9.975953e-01	
667	6.569600e-04	9.976093e-01	
668	6.579600e-04	9.976232e-01	
669	6.589600e-04	9.976369e-01	
670	6.599600e-04	9.976505e-01	
671	6.609600e-04	9.976639e-01	
672	6.619600e-04	9.976772e-01	
673	6.629600e-04	9.976904e-01	
674	6.639600e-04	9.977035e-01	
675	6.649600e-04	9.977164e-01	
676	6.659600e-04	9.977292e-01	
677	6.669600e-04	9.977419e-01	
678	6.679600e-04	9.977544e-01	
679	6.689600e-04	9.977668e-01	
680	6.699600e-04	9.977791e-01	
681	6.709600e-04	9.977913e-01	
682	6.719600e-04	9.978033e-01	
683	6.729600e-04	9.978153e-01	
684	6.739600e-04	9.978271e-01	
685	6.749600e-04	9.978388e-01	
686	6.759600e-04	9.978503e-01	
687	6.769600e-04	9.978618e-01	
688	6.779600e-04	9.978731e-01	
689	6.789600e-04	9.978844e-01	
690	6.799600e-04	9.978955e-01	
691	6.809600e-04	9.979065e-01	
692	6.819600e-04	9.979174e-01	

Index   time            v(2)            
--------------------------------------------------------------------------------
693	6.829600e-04	9.979282e-01	
694	6.839600e-04	9.979389e-01	
695	6.849600e-04	9.979495e-01	
696	6.859600e-04	9.979599e-01	
697	6.869600e-04	9.979703e-01	
698	6.879600e-04	9.979806e-01	
699	6.889600e-04	9.979907e-01	
700	6.899600e-04	9.980008e-01	
701	6.909600e-04	9.980108e-01	
702	6.919600e-04	9.980206e-01	
703	6.929600e-04	9.980304e-01	
704	6.939600e-04	9.980401e-01	
705	6.949600e-04	9.980496e-01	
706	6.959600e-04	9.980591e-01	
707	6.969600e-04	9.980685e-01	
708	6.979600e-04	9.980778e-01	
709	6.989600e-04	9.980870e-01	
710	6.999600e-04	9.980961e-01	
711	7.009600e-04	9.981051e-01	
712	7.019600e-04	9.981140e-01	
713	7.029600e-04	9.981228e-01	
714	7.039600e-04	9.981316e-01	
715	7.049600e-04	9.981403e-01	
716	7.059600e-04	9.981488e-01	
717	7.069600e-04	9.981573e-01	
718	7.079600e-04	9.981657e-01	
719	7.089600e-04	9.981740e-01	
720	7.099600e-04	9.981823e-01	
721	7.109600e-04	9.981904e-01	
722	7.119600e-04	9.981985e-01	
723	7.129600e-04	9.982065e-01	
724	7.139600e-04	9.982144e-01	
725	7.149600e-04	9.982222e-01	
726	7.159600e-04	9.982300e-01	
727	7.169600e-04	9.982377e-01	
728	7.179600e-04	9.982453e-01	
729	7.189600e-04	9.982528e-01	
730	7.199600e-04	9.982603e-01	
731	7.209600e-04	9.982676e-01	
732	7.219600e-04	9.982749e-01	
733	7.229600e-04	9.982822e-01	
734	7.239600e-04	9.982893e-01	
735	7.249600e-04	9.982964e-01	
736	7.259600e-04	9.983034e-01	
737	7.269600e-04	9.983104e-01	
738	7.279600e-04	9.983173e-01	
739	7.289600e-04	9.983241e-01	
740	7.299600e-04	9.983308e-01	
741	7.309600e-04	9.983375e-01	
742	7.319600e-04	9.983441e-01	
743	7.329600e-04	9.983506e-01	
744	7.339600e-04	9.983571e-01	
745	7.349600e-04	9.983635e-01	
746	7.359600e-04	9.983699e-01	
747	7.369600e-04	9.983762e-01	
748	7.379600e-04	9.983824e-01	
749	7.389600e-04	9.983886e-01	
750	7.399600e-04	9.983947e-01	

Index   time            v(2)            
--------------------------------------------------------------------------------
751	7.409600e-04	9.984007e-01	
752	7.419600e-04	9.984067e-01	
753	7.429600e-04	9.984126e-01	
754	7.439600e-04	9.984185e-01	
755	7.449600e-04	9.984243e-01	
756	7.459600e-04	9.984300e-01	
757	7.469600e-04	9.984357e-01	
758	7.479600e-04	9.984413e-01	
759	7.489600e-04	9.984469e-01	
760	7.499600e-04	9.984524e-01	
761	7.509600e-04	9.984579e-01	
762	7.519600e-04	9.984633e-01	
763	7.529600e-04	9.984686e-01	
764	7.539600e-04	9.984739e-01	
765	7.549600e-04	9.984792e-01	
766	7.559600e-04	9.984844e-01	
767	7.569600e-04	9.984895e-01	
768	7.579600e-04	9.984946e-01	
769	7.589600e-04	9.984997e-01	
770	7.599600e-04	9.985047e-01	
771	7.609600e-04	9.985096e-01	
772	7.619600e-04	9.985145e-01	
773	7.629600e-04	9.985193e-01	
774	7.639600e-04	9.985241e-01	
775	7.649600e-04	9.985289e-01	
776	7.659600e-04	9.985336e-01	
777	7.669600e-04	9.985383e-01	
778	7.679600e-04	9.985429e-01	
779	7.689600e-04	9.985474e-01	
780	7.699600e-04	9.985519e-01	
781	7.709600e-04	9.985564e-01	
782	7.719600e-04	9.985608e-01	
783	7.729600e-04	9.985652e-01	
784	7.739600e-04	9.985696e-01	
785	7.749600e-04	9.985739e-01	
786	7.759600e-04	9.985781e-01	
787	7.769600e-04	9.985823e-01	
788	7.779600e-04	9.985865e-01	
789	7.789600e-04	9.985906e-01	
790	7.799600e-04	9.985947e-01	
791	7.809600e-04	9.985988e-01	
792	7.819600e-04	9.986028e-01	
793	7.829600e-04	9.986067e-01	
794	7.839600e-04	9.986107e-01	
795	7.849600e-04	9.986146e-01	
796	7.859600e-04	9.986184e-01	
797	7.869600e-04	9.986222e-01	
798	7.879600e-04	9.986260e-01	
799	7.889600e-04	9.986297e-01	
800	7.899600e-04	9.986334e-01	
801	7.909600e-04	9.986371e-01	
802	7.919600e-04	9.986407e-01	
803	7.929600e-04	9.986443e-01	
804	7.939600e-04	9.986478e-01	
805	7.949600e-04	9.986514e-01	
806	7.959600e-04	9.986548e-01	
807	7.969600e-04	9.986583e-01	
808	7.979600e-04	9.986617e-01	

Index   time            v(2)            
--------------------------------------------------------------------------------
809	7.989600e-04	9.986651e-01	
810	7.999600e-04	9.986684e-01	
811	8.009600e-04	9.986717e-01	
812	8.019600e-04	9.986750e-01	
813	8.029600e-04	9.986783e-01	
814	8.039600e-04	9.986815e-01	
815	8.049600e-04	9.986847e-01	
816	8.059600e-04	9.986878e-01	
817	8.069600e-04	9.986909e-01	
818	8.079600e-04	9.986940e-01	
819	8.089600e-04	9.986971e-01	
820	8.099600e-04	9.987001e-01	
821	8.109600e-04	9.987031e-01	
822	8.119600e-04	9.987061e-01	
823	8.129600e-04	9.987090e-01	
824	8.139600e-04	9.987119e-01	
825	8.149600e-04	9.987148e-01	
826	8.159600e-04	9.987176e-01	
827	8.169600e-04	9.987205e-01	
828	8.179600e-04	9.987233e-01	
829	8.189600e-04	9.987260e-01	
830	8.199600e-04	9.987288e-01	
831	8.209600e-04	9.987315e-01	
832	8.219600e-04	9.987342e-01	
833	8.229600e-04	9.987368e-01	
834	8.239600e-04	9.987395e-01	
835	8.249600e-04	9.987421e-01	
836	8.259600e-04	9.987446e-01	
837	8.269600e-04	9.987472e-01	
838	8.279600e-04	9.987497e-01	
839	8.289600e-04	9.987522e-01	
840	8.299600e-04	9.987547e-01	
841	8.309600e-04	9.987572e-01	
842	8.319600e-04	9.987596e-01	
843	8.329600e-04	9.987620e-01	
844	8.339600e-04	9.987644e-01	
845	8.349600e-04	9.987667e-01	
846	8.359600e-04	9.987691e-01	
847	8.369600e-04	9.987714e-01	
848	8.379600e-04	9.987737e-01	
849	8.389600e-04	9.987759e-01	
850	8.399600e-04	9.987782e-01	
851	8.409600e-04	9.987804e-01	
852	8.419600e-04	9.987826e-01	
853	8.429600e-04	9.987848e-01	
854	8.439600e-04	9.987869e-01	
855	8.449600e-04	9.987890e-01	
856	8.459600e-04	9.987912e-01	
857	8.469600e-04	9.987932e-01	
858	8.479600e-04	9.987953e-01	
859	8.489600e-04	9.987974e-01	
860	8.499600e-04	9.987994e-01	
861	8.509600e-04	9.988014e-01	
862	8.519600e-04	9.988034e-01	
863	8.529600e-04	9.988054e-01	
864	8.539600e-04	9.988073e-01	
865	8.549600e-04	9.988092e-01	
866	8.559600e-04	9.988111e-01	

Index   time            v(2)            
--------------------------------------------------------------------------------
867	8.569600e-04	9.988130e-01	
868	8.579600e-04	9.988149e-01	
869	8.589600e-04	9.988168e-01	
870	8.599600e-04	9.988186e-01	
871	8.609600e-04	9.988204e-01	
872	8.619600e-04	9.988222e-01	
873	8.629600e-04	9.988240e-01	
874	8.639600e-04	9.988258e-01	
875	8.649600e-04	9.988275e-01	
876	8.659600e-04	9.988292e-01	
877	8.669600e-04	9.988309e-01	
878	8.679600e-04	9.988326e-01	
879	8.689600e-04	9.988343e-01	
880	8.699600e-04	9.988360e-01	
881	8.709600e-04	9.988376e-01	
882	8.719600e-04	9.988392e-01	
883	8.729600e-04	9.988408e-01	
884	8.739600e-04	9.988424e-01	
885	8.749600e-04	9.988440e-01	
886	8.759600e-04	9.988456e-01	
887	8.769600e-04	9.988471e-01	
888	8.779600e-04	9.988487e-01	
889	8.789600e-04	9.988502e-01	
890	8.799600e-04	9.988517e-01	
891	8.809600e-04	9.988532e-01	
892	8.819600e-04	9.988546e-01	
893	8.829600e-04	9.988561e-01	
894	8.839600e-04	9.988575e-01	
895	8.849600e-04	9.988590e-01	
896	8.859600e-04	9.988604e-01	
897	8.869600e-04	9.988618e-01	
898	8.879600e-04	9.988632e-01	
899	8.889600e-04	9.988646e-01	
900	8.899600e-04	9.988659e-01	
901	8.909600e-04	9.988673e-01	
902	8.919600e-04	9.988686e-01	
903	8.929600e-04	9.988699e-01	
904	8.939600e-04	9.988712e-01	
905	8.949600e-04	9.988725e-01	
906	8.959600e-04	9.988738e-01	
907	8.969600e-04	9.988751e-01	
908	8.979600e-04	9.988763e-01	
909	8.989600e-04	9.988775e-01	
910	8.999600e-04	9.988788e-01	
911	9.009600e-04	9.988800e-01	
912	9.019600e-04	9.988812e-01	
913	9.029600e-04	9.988824e-01	
914	9.039600e-04	9.988836e-01	
915	9.049600e-04	9.988847e-01	
916	9.059600e-04	9.988859e-01	
917	9.069600e-04	9.988870e-01	
918	9.079600e-04	9.988882e-01	
919	9.089600e-04	9.988893e-01	
920	9.099600e-04	9.988904e-01	
921	9.109600e-04	9.988915e-01	
922	9.119600e-04	9.988926e-01	
923	9.129600e-04	9.988937e-01	
924	9.139600e-04	9.988948e-01	

Index   time            v(2)            
--------------------------------------------------------------------------------
925	9.149600e-04	9.988958e-01	
926	9.159600e-04	9.988969e-01	
927	9.169600e-04	9.988979e-01	
928	9.179600e-04	9.988989e-01	
929	9.189600e-04	9.988999e-01	
930	9.199600e-04	9.989010e-01	
931	9.209600e-04	9.989019e-01	
932	9.219600e-04	9.989029e-01	
933	9.229600e-04	9.989039e-01	
934	9.239600e-04	9.989049e-01	
935	9.249600e-04	9.989058e-01	
936	9.259600e-04	9.989068e-01	
937	9.269600e-04	9.989077e-01	
938	9.279600e-04	9.989087e-01	
939	9.289600e-04	9.989096e-01	
940	9.299600e-04	9.989105e-01	
941	9.309600e-04	9.989114e-01	
942	9.319600e-04	9.989123e-01	
943	9.329600e-04	9.989132e-01	
944	9.339600e-04	9.989140e-01	
945	9.349600e-04	9.989149e-01	
946	9.359600e-04	9.989158e-01	
947	9.369600e-04	9.989166e-01	
948	9.379600e-04	9.989174e-01	
949	9.389600e-04	9.989183e-01	
950	9.399600e-04	9.989191e-01	
951	9.409600e-04	9.989199e-01	
952	9.419600e-04	9.989207e-01	
953	9.429600e-04	9.989215e-01	
954	9.439600e-04	9.989223e-01	
955	9.449600e-04	9.989231e-01	
956	9.459600e-04	9.989239e-01	
957	9.469600e-04	9.989246e-01	
958	9.479600e-04	9.989254e-01	
959	9.489600e-04	9.989262e-01	
960	9.499600e-04	9.989269e-01	
961	9.509600e-04	9.989276e-01	
962	9.519600e-04	9.989284e-01	
963	9.529600e-04	9.989291e-01	
964	9.539600e-04	9.989298e-01	
965	9.549600e-04	9.989305e-01	
966	9.559600e-04	9.989312e-01	
967	9.569600e-04	9.989319e-01	
968	9.579600e-04	9.989326e-01	
969	9.589600e-04	9.989333e-01	
970	9.599600e-04	9.989340e-01	
971	9.609600e-04	9.989346e-01	
972	9.619600e-04	9.989353e-01	
973	9.629600e-04	9.989359e-01	
974	9.639600e-04	9.989366e-01	
975	9.649600e-04	9.989372e-01	
976	9.659600e-04	9.989379e-01	
977	9.669600e-04	9.989385e-01	
978	9.679600e-04	9.989391e-01	
979	9.689600e-04	9.989397e-01	
980	9.699600e-04	9.989403e-01	
981	9.709600e-04	9.989410e-01	
982	9.719600e-04	9.989416e-01	

Index   time            v(2)            
--------------------------------------------------------------------------------
983	9.729600e-04	9.989421e-01	
984	9.739600e-04	9.989427e-01	
985	9.749600e-04	9.989433e-01	
986	9.759600e-04	9.989439e-01	
987	9.769600e-04	9.989445e-01	
988	9.779600e-04	9.989450e-01	
989	9.789600e-04	9.989456e-01	
990	9.799600e-04	9.989461e-01	
991	9.809600e-04	9.989467e-01	
992	9.819600e-04	9.989472e-01	
993	9.829600e-04	9.989477e-01	
994	9.839600e-04	9.989483e-01	
995	9.849600e-04	9.989488e-01	
996	9.859600e-04	9.989493e-01	
997	9.869600e-04	9.989498e-01	
998	9.879600e-04	9.989503e-01	
999	9.889600e-04	9.989509e-01	
1000	9.899600e-04	9.989514e-01	
1001	9.909600e-04	9.989518e-01	
1002	9.919600e-04	9.989523e-01	
1003	9.929600e-04	9.989528e-01	
1004	9.939600e-04	9.989533e-01	
1005	9.949600e-04	9.989538e-01	
1006	9.959600e-04	9.989542e-01	
1007	9.969600e-04	9.989547e-01	
1008	9.979600e-04	9.989552e-01	
1009	9.989600e-04	9.989556e-01	
1010	9.999600e-04	9.989561e-01	
1011	1.000000e-03	9.989561e-01	
